
2.1411429336188275
2.1411429336188275
2.1411429336188275
0.8339131129715942
0.8339131129715942
0.8339131129715942
0.8339131129715942
0.8339131129715942
0.8339131129715942
0.8339131129715942
14.507864380232512
14.507864380232512
4.825529130039705
2.763916068863001
2.763916068863001
0.6611749551809543
0.6611749551809543
0.6611749551809543
0.6611749551809543
0.6611749551809543
7.041643008305337
7.041643008305337
3.307132973919693
3.307132973919693
2.682458206508685
2.682458206508685
2.682458206508685
2.682458206508685
2.682458206508685
2.682458206508685
4.39929024562964
3.1064622760041662
1.857816160460232
1.857816160460232
1.857816160460232
1.8149261747198406
1.8149261747198406
1.8149261747198406
1.8149261747198406
1.8149261747198406
2.78291906336796
2.78291906336796
2.78291906336796
1.9556655637157019
1.3002453230628324
1.3002453230628324
1.3002453230628324
1.3002453230628324
1.3002453230628324
1.3002453230628324
2.8754257202111586
2.8754257202111586
2.8754257202111586
2.8754257202111586
2.8754257202111586
0.2949096966513989
0.2949096966513989
0.2949096966513989
0.2949096966513989
0.2949096966513989
2.4924669783440305
2.4924669783440305
2.4924669783440305
2.269308675678872
2.269308675678872
1.0419822016099585
1.0419822016099585
1.0419822016099585
1.0419822016099585
1.0419822016099585
9.51028534716763
9.51028534716763
5.643850100877188
5.643850100877188
4.963598332411568
3.6260333532571285
3.6260333532571285
3.6260333532571285
3.6260333532571285
3.6260333532571285
2.3574171000307165
0.929533637701081
0.7033717858971937
0.7033717858971937
0.26356416157022666
0.26356416157022666
0.26356416157022666
0.26356416157022666
0.26356416157022666
0.26356416157022666
2.6845507035381826
1.1362665404918215
1.1362665404918215
1.1362665404918215
1.1362665404918215
1.1362665404918215
1.1362665404918215
1.1362665404918215
1.1362665404918215
1.1362665404918215
1.2652132745938585
1.2652132745938585
1.2652132745938585
1.2652132745938585
1.2652132745938585
1.2652132745938585
1.2652132745938585
1.2652132745938585
1.2652132745938585
1.2652132745938585
10.453735920361126
3.498036387653642
3.0280094940673306
3.0280094940673306
1.817437802630487
1.817437802630487
1.817437802630487
1.817437802630487
1.817437802630487
1.817437802630487
0.1435394421755949
0.1435394421755949
0.1435394421755949
0.1435394421755949
0.1435394421755949
0.1435394421755949
0.1435394421755949
0.1435394421755949
0.1435394421755949
0.1435394421755949
5.60072121570126
5.195137240516647
3.1553141756123897
3.1553141756123897
1.4037979355431145
0.912665587638021
0.912665587638021
0.912665587638021
0.912665587638021
0.3730405383957671
2.663888196354716
2.663888196354716
2.663888196354716
2.663888196354716
1.459416742019798
1.459416742019798
1.459416742019798
1.459416742019798
0.3142676905819788
0.3142676905819788
2.9618333699853783
1.7772063476673243
0.6156023785919875
0.6156023785919875
0.6156023785919875
0.6156023785919875
0.6156023785919875
0.6156023785919875
0.511788137431719
0.511788137431719
6.909943603862304
1.946808122861356
1.946808122861356
1.946808122861356
0.11472672477326329
0.11472672477326329
0.11472672477326329
0.11472672477326329
0.11472672477326329
0.11472672477326329
5.01902646926332
1.073208062056438
0.5494197741493037
0.3603316675850192
0.3603316675850192
0.3603316675850192
0.3603316675850192
0.3603316675850192
0.3603316675850192
0.2867241897238917
10.481572922217433
10.480067993275084
10.480067993275084
9.147100451753627
4.909636351203517
4.909636351203517
3.7205204777632344
3.7205204777632344
3.7205204777632344
3.1786510627777997
2.9256807583607167
1.752068740459976
1.5975814745033294
0.8601736239492515
0.8601736239492515
0.8601736239492515
0.8601736239492515
0.8601736239492515
0.22979442507275794
0.22979442507275794
4.886459889769625
4.307321074023129
4.307321074023129
4.307321074023129
2.589958415326788
2.589958415326788
2.589958415326788
2.589958415326788
2.589958415326788
2.589958415326788
11.176420216890797
4.389096098895852
4.389096098895852
4.389096098895852
4.389096098895852
4.389096098895852
3.1002945316687165
3.1002945316687165
3.1002945316687165
3.0267372845794616
5.71054549230622
0.27997075309942376
0.27997075309942376
0.27997075309942376
0.27997075309942376
0.27997075309942376
0.27997075309942376
0.27997075309942376
0.27997075309942376
0.2753869246673841
0.242192650478803
0.242192650478803
0.242192650478803
0.242192650478803
0.242192650478803
0.242192650478803
0.242192650478803
0.242192650478803
0.242192650478803
0.242192650478803
6.926597305414994
5.3789960778325465
3.1531863081990683
3.1531863081990683
2.6460302441341708
2.6460302441341708
2.6460302441341708
2.585527476569713
2.585527476569713
2.585527476569713
1.4360682201169657
0.7179281909014894
0.7179281909014894
0.7179281909014894
0.7179281909014894
0.7179281909014894
0.7179281909014894
0.7179281909014894
0.7179281909014894
0.7179281909014894
2.2970831601631443
1.448964132902614
1.448964132902614
1.448964132902614
0.437586686997705
0.437586686997705
0.3832319691051258
0.3832319691051258
0.3832319691051258
0.3832319691051258
5.168247503032127
3.4195238460127872
1.2664039705364911
1.2664039705364911
1.2664039705364911
1.1415702400938312
0.9678483524100021
0.9678483524100021
0.9678483524100021
0.9678483524100021
2.7157034409438876
2.7157034409438876
0.3563132814085894
0.3563132814085894
0.3563132814085894
0.3563132814085894
0.3563132814085894
0.3563132814085894
0.3563132814085894
0.24924403094381065
3.4741397445255555
1.9758157175748718
1.9502193311567564
1.9502193311567564
0.8774942769398177
0.7048082435934018
0.7048082435934018
0.7048082435934018
0.7048082435934018
0.7048082435934018
6.514435571759382
0.08146070897671764
0.08146070897671764
0.08146070897671764
0.08146070897671764
0.08146070897671764
0.08146070897671764
0.08146070897671764
0.08146070897671764
0.08146070897671764
17.443964394350395
2.6083801875854395
2.6083801875854395
2.6083801875854395
2.6083801875854395
2.6083801875854395
1.7126656791302293
0.8164041782093183
0.8164041782093183
0.8164041782093183
0.4494461753611039
0.4494461753611039
0.4494461753611039
0.4494461753611039
0.03057515446399295
0.03057515446399295
0.03057515446399295
0.03057515446399295
0.03057515446399295
0.03057515446399295
0.06972192445333691
0.06972192445333691
0.06972192445333691
0.06972192445333691
0.06972192445333691
0.06972192445333691
0.06972192445333691
0.06972192445333691
0.06972192445333691
0.06972192445333691
3.521316465673437
3.2624949360710223
3.2624949360710223
2.905937739152812
2.905937739152812
2.905937739152812
2.8380664816240793
2.8380664816240793
2.8380664816240793
2.8380664816240793
0.8581164927955638
0.8581164927955638
0.6069958156160564
0.6069958156160564
0.21556702106236658
0.21556702106236658
0.21556702106236658
0.21556702106236658
0.21556702106236658
0.21556702106236658
16.405638399647906
2.9261022653737965
2.9261022653737965
2.5878533612115153
2.5878533612115153
2.5878533612115153
2.5878533612115153
1.2988254356965645
1.2988254356965645
1.2988254356965645
5.931419168531317
2.2567645059794903
0.9430154044825234
0.9430154044825234
0.9430154044825234
0.9430154044825234
0.9430154044825234
0.9430154044825234
0.9430154044825234
0.9430154044825234
4.891852253106048
2.8905358692385055
2.580403882655365
2.580403882655365
2.1260963059831117
0.557081082563077
0.557081082563077
0.557081082563077
0.557081082563077
0.557081082563077
4.805490880507993
1.7505459998648694
1.7505459998648694
1.7505459998648694
1.7505459998648694
1.7505459998648694
1.7505459998648694
1.7505459998648694
0.2205641273520631
0.2205641273520631
4.705895125887782
0.5345349293631334
0.5345349293631334
0.5345349293631334
0.5345349293631334
0.5345349293631334
0.5345349293631334
0.5345349293631334
0.5345349293631334
0.5345349293631334
3.2364049634817644
2.7043213169592843
0.5617842720451347
0.5617842720451347
0.5617842720451347
0.5617842720451347
0.5617842720451347
0.5617842720451347
0.5617842720451347
0.5617842720451347
5.665162626412311
3.2497153990451797
3.2355244931737173
2.7167361185175314
0.8418314827973323
0.04475145754524279
0.04475145754524279
0.04475145754524279
0.04475145754524279
0.04475145754524279
3.236711360730198
3.236711360730198
0.8325277433436793
0.8325277433436793
0.8325277433436793
0.8325277433436793
0.8325277433436793
0.8325277433436793
0.8325277433436793
0.8325277433436793
0.48505513404645173
0.48505513404645173
0.48505513404645173
0.48505513404645173
0.48505513404645173
0.48505513404645173
0.48505513404645173
0.48505513404645173
0.48505513404645173
0.48505513404645173
5.696824712522169
1.20970633270483
1.20970633270483
1.20970633270483
1.20970633270483
1.20970633270483
1.20970633270483
1.20970633270483
1.20970633270483
1.20970633270483
1.3780019324488042
1.3780019324488042
1.3780019324488042
0.6957456988349588
0.6957456988349588
0.6957456988349588
0.6957456988349588
0.6957456988349588
0.6957456988349588
0.6957456988349588
0.7201342344026576
0.7201342344026576
0.7201342344026576
0.7201342344026576
0.7201342344026576
0.7201342344026576
0.7201342344026576
0.7201342344026576
0.7201342344026576
0.7201342344026576
0.37124736107637846
0.37124736107637846
0.37124736107637846
0.37124736107637846
0.33969393188330743
0.0624612628980441
0.0624612628980441
0.0624612628980441
0.0624612628980441
0.0624612628980441
5.415296061873104
3.685949302954772
3.685949302954772
3.685949302954772
3.685949302954772
3.685949302954772
3.685949302954772
2.672282513094825
2.672282513094825
2.672282513094825
1.5229980785251596
1.5229980785251596
1.5229980785251596
1.5229980785251596
0.3578507352067217
0.3578507352067217
0.3578507352067217
0.3578507352067217
0.3578507352067217
0.3578507352067217
0.759290265405824
0.759290265405824
0.759290265405824
0.759290265405824
0.759290265405824
0.759290265405824
0.759290265405824
0.759290265405824
0.759290265405824
0.759290265405824
14.612983938318623
3.2821948798878826
3.2821948798878826
2.788350289375629
2.788350289375629
2.788350289375629
2.788350289375629
2.788350289375629
1.2729585920335365
1.2729585920335365
9.549261620011828
0.4839362559820839
0.4839362559820839
0.4839362559820839
0.4839362559820839
0.4839362559820839
0.4839362559820839
0.4839362559820839
0.4839362559820839
0.4839362559820839
1.760007507399131
1.760007507399131
1.760007507399131
1.760007507399131
1.760007507399131
1.760007507399131
1.760007507399131
1.760007507399131
1.760007507399131
1.760007507399131
3.028000746214009
3.028000746214009
2.2436314264485273
0.0675994363725434
0.0675994363725434
0.0675994363725434
0.0675994363725434
0.0675994363725434
0.0675994363725434
0.0675994363725434
0.01039522945797744
0.01039522945797744
0.01039522945797744
0.01039522945797744
0.01039522945797744
0.01039522945797744
0.01039522945797744
0.01039522945797744
0.01039522945797744
0.01039522945797744
3.999479443583223
2.773714234079162
2.773714234079162
2.3828292892154654
2.3828292892154654
2.3828292892154654
2.3828292892154654
2.3828292892154654
2.3828292892154654
2.3828292892154654
0.80006443438764
0.80006443438764
0.80006443438764
0.80006443438764
0.80006443438764
0.80006443438764
0.80006443438764
0.80006443438764
0.80006443438764
0.80006443438764
3.234793095526776
2.570782043574973
2.570782043574973
2.570782043574973
2.570782043574973
2.570782043574973
2.3019664494173324
1.1062054623279
1.1062054623279
1.1062054623279
3.2539696158559157
3.2539696158559157
3.2539696158559157
3.2539696158559157
0.7069831434903873
0.7069831434903873
0.7069831434903873
0.7069831434903873
0.7069831434903873
0.7069831434903873
1.1744990224986087
0.21742389162962583
0.16969149274213224
0.16969149274213224
0.16969149274213224
0.16969149274213224
0.1623491478473622
0.09757081339024554
0.09757081339024554
0.09757081339024554
4.651826958966126
4.049042206712791
3.6469763510707733
2.268666352729515
2.268666352729515
1.5071194562139145
1.5071194562139145
1.5071194562139145
1.5071194562139145
0.839683515045142
5.709131315678672
5.709131315678672
2.7093329161510913
0.6391608061111396
0.6391608061111396
0.6391608061111396
0.6391608061111396
0.6391608061111396
0.6391608061111396
0.6391608061111396
5.34324560193102
5.34324560193102
5.34324560193102
3.2275146884835704
0.27933062391889196
0.27933062391889196
0.27933062391889196
0.27933062391889196
0.27933062391889196
0.27933062391889196
4.005900161405442
2.4209466852694637
2.4209466852694637
1.8466502486701661
1.8466502486701661
1.8466502486701661
1.8466502486701661
1.8466502486701661
1.8466502486701661
1.8466502486701661
1.7691021787145549
1.7691021787145549
1.7691021787145549
1.7691021787145549
1.7691021787145549
1.7691021787145549
0.900129197559409
0.900129197559409
0.900129197559409
0.900129197559409
2.5585924349558025
2.5585924349558025
2.5585924349558025
2.5585924349558025
2.5585924349558025
2.5585924349558025
0.22937772083462393
0.22937772083462393
0.22937772083462393
0.22937772083462393
14.759674372132519
1.3099273536587437
1.3099273536587437
0.07501402549665359
0.07501402549665359
0.07501402549665359
0.07501402549665359
0.07501402549665359
0.07501402549665359
0.07501402549665359
3.516567403422752
2.9680492069063367
2.0160688563843263
2.0160688563843263
0.19719604324061324
0.19719604324061324
0.19719604324061324
0.19719604324061324
0.19719604324061324
0.19719604324061324
3.447729262041307
3.447729262041307
1.2417912454701434
1.2417912454701434
1.2417912454701434
1.2417912454701434
1.2417912454701434
1.2417912454701434
1.2417912454701434
1.2417912454701434
7.187181790417595
7.187181790417595
5.434367862764876
5.434367862764876
5.434367862764876
5.434367862764876
3.9887067234252744
2.5966306773259764
2.5966306773259764
2.5966306773259764
2.75908363788318
2.75908363788318
2.6802399329215736
2.6802399329215736
1.1933757802856175
1.1933757802856175
1.1933757802856175
0.09933608497511814
0.09933608497511814
0.09933608497511814
10.582394127377977
0.9657986863810035
0.9657986863810035
0.9657986863810035
0.9657986863810035
0.9657986863810035
0.9657986863810035
0.9657986863810035
0.9657986863810035
0.9657986863810035
0.04088590342046006
0.04088590342046006
0.04088590342046006
0.04088590342046006
0.04088590342046006
0.04088590342046006
0.04088590342046006
0.04088590342046006
0.04088590342046006
0.04088590342046006
5.3054118273413415
5.114969961115946
5.114969961115946
3.2630501465911164
3.2630501465911164
3.2603143065339677
2.8813550972148723
2.8813550972148723
2.6560826017184422
1.216512679323586
15.047243124774909
2.8648412750201335
2.8648412750201335
2.8648412750201335
2.8648412750201335
2.8648412750201335
2.8648412750201335
2.8648412750201335
2.8648412750201335
2.8648412750201335
5.380916715241742
3.110327901901194
1.7803887803768075
1.174715034288948
1.174715034288948
1.174715034288948
1.174715034288948
1.174715034288948
1.174715034288948
1.174715034288948
2.4733513514703813
2.4733513514703813
0.10840653197722405
0.10840653197722405
0.10840653197722405
0.10840653197722405
0.10840653197722405
0.10840653197722405
0.10840653197722405
0.10840653197722405
0.7412874519009205
0.7412874519009205
0.7412874519009205
0.7412874519009205
0.7412874519009205
0.7412874519009205
0.7412874519009205
0.7412874519009205
0.7412874519009205
0.7412874519009205
1.1831444888514686
1.1831444888514686
0.6783674860804898
0.39823123562052887
0.39823123562052887
0.39823123562052887
0.39823123562052887
0.2437746987926528
0.2437746987926528
0.2437746987926528
2.6328292008880863
2.5005966997857816
2.278777449993307
0.2960470458080988
0.2960470458080988
0.2960470458080988
0.2960470458080988
0.2960470458080988
0.2960470458080988
0.2960470458080988
3.596873972631489
3.596873972631489
2.4652491508220256
0.04833624524431501
0.04833624524431501
0.04833624524431501
0.04833624524431501
0.04833624524431501
0.04833624524431501
0.04833624524431501
11.512997054776605
10.908220751826201
2.471526504740528
2.471526504740528
2.471526504740528
2.471526504740528
2.471526504740528
2.471526504740528
2.471526504740528
2.471526504740528
1.1899848603556333
1.1899848603556333
1.1899848603556333
1.1899848603556333
1.1899848603556333
1.1899848603556333
1.1899848603556333
1.1880843314908884
0.08211109115089643
0.08211109115089643
12.69058722687501
1.910293277576756
1.910293277576756
1.910293277576756
1.910293277576756
1.910293277576756
1.910293277576756
1.910293277576756
1.910293277576756
1.910293277576756
4.268445039463376
2.886416085922726
2.34122436632606
1.5346732285828044
1.380557618908043
1.380557618908043
1.380557618908043
1.380557618908043
1.380557618908043
1.380557618908043
21.54034843332884
20.054068767291607
2.830408479133315
2.830408479133315
2.830408479133315
2.830408479133315
2.830408479133315
2.830408479133315
2.830408479133315
1.212382703632127
3.2202575657740486
2.6147568575853346
2.5844982450852823
2.5844982450852823
1.3854609152249435
1.3854609152249435
1.3854609152249435
0.347104354366476
0.036180293420958964
0.036180293420958964
0.12017750188092835
0.11177199607395893
0.11177199607395893
0.11177199607395893
0.11177199607395893
0.11177199607395893
0.11177199607395893
0.11177199607395893
0.11177199607395893
0.11177199607395893
0.9425155155086675
0.9425155155086675
0.9425155155086675
0.9425155155086675
0.9425155155086675
0.9425155155086675
0.9425155155086675
0.9425155155086675
0.9425155155086675
0.9425155155086675
5.667952330706608
3.1085804305218763
2.9433614826224397
0.8490470709660447
0.8490470709660447
0.8490470709660447
0.8490470709660447
0.08679381102359729
0.08679381102359729
0.08679381102359729
1.9237688583949226
1.9237688583949226
1.9237688583949226
1.9237688583949226
1.9237688583949226
1.9237688583949226
1.9237688583949226
1.9237688583949226
0.34853880822086625
0.34853880822086625
17.232989445440502
5.489489647432613
2.8615998136927137
2.8615998136927137
2.8615998136927137
2.8615998136927137
2.8615998136927137
2.8615998136927137
1.2477060750869033
1.2477060750869033
6.179926228700854
5.428083393287466
0.1636468842039389
0.1636468842039389
0.1636468842039389
0.1636468842039389
0.1636468842039389
0.1636468842039389
0.1636468842039389
0.1636468842039389
4.980655172796748
4.858560656509443
1.545428271441598
0.3897634440686457
0.3897634440686457
0.3897634440686457
0.3897634440686457
0.3897634440686457
0.3897634440686457
0.3897634440686457
8.889086832304024
1.2308144461023116
1.2308144461023116
1.2308144461023116
1.2308144461023116
1.2308144461023116
1.2308144461023116
0.03629273714151937
0.03629273714151937
0.03629273714151937
6.423919254183982
3.761273893902463
3.761273893902463
3.697270891022136
3.4117209058633162
2.9188735894672893
2.9188735894672893
2.9188735894672893
2.702890403142398
2.6110993611077586
3.0420697282543583
2.6495918881609453
2.6495918881609453
2.6495918881609453
2.5919683468999932
2.5919683468999932
2.5919683468999932
2.5919683468999932
2.5919683468999932
2.5919683468999932
2.740599848334402
2.740599848334402
2.740599848334402
2.0546914315509075
0.38091376439193114
0.38091376439193114
0.38091376439193114
0.38091376439193114
0.38091376439193114
0.38091376439193114